[
    [
        0.9999999999999998,
        0.9163006669416972,
        0.9186252213207661,
        0.9558822391364674,
        0.9074095226803962,
        0.9284744008707904,
        0.9560614840767541,
        0.9560614840767541,
        0.9440757959870166,
        0.9399701153034296,
        0.9180467939775816,
        0.9259186988166456,
        0.9045956440542944,
        0.8992994138855898,
        0.9228407239071884,
        0.9225153980414129,
        0.9433176931054671,
        0.9282151574939586,
        0.9324551435910658,
        0.9417547324557292,
        0.9407824593139431,
        0.9258027707724921,
        0.9450846803349935,
        0.941205004608992,
        0.9521347364342282,
        0.9488353054935907,
        0.9515328683533386,
        0.9376931661924344,
        0.9353720829983443,
        0.9255960801487423,
        0.9002600697474342,
        0.9322497166128316,
        0.8819764963104681,
        0.8903059598293385,
        0.8990177289747265,
        0.937416513859041,
        0.9376570583257301,
        0.942640200696418,
        0.9232309958952185,
        0.9409355299759665,
        0.9295401652673035,
        0.9409381629140849,
        0.9110726862723209
    ],
    [
        0.9163006669416972,
        1.0000000000000009,
        0.9711280763076715,
        0.9564217447051673,
        0.9463186536557124,
        0.9396282018869138,
        0.9358709802162793,
        0.9358709802162793,
        0.9031456317342081,
        0.942137049376565,
        0.9654908036272816,
        0.9602160516091185,
        0.9673889765044767,
        0.9465128656794122,
        0.9678001557479997,
        0.9681254855390934,
        0.9503131499031674,
        0.9522704237413171,
        0.9653497441886737,
        0.9519074331780569,
        0.9401748353297886,
        0.9644561109097334,
        0.9310938379441849,
        0.9406682625015461,
        0.940778606297122,
        0.9437539147654079,
        0.9423530181142026,
        0.9475257734784119,
        0.9438180830292735,
        0.9355910959715387,
        0.9590832967419562,
        0.9141235505301443,
        0.9419128293452403,
        0.9530921425464249,
        0.9665831951712903,
        0.9440096077365034,
        0.9442259684924705,
        0.9330624170092104,
        0.9604701989125877,
        0.9261568351218312,
        0.9153547724213075,
        0.9122070437793359,
        0.9468029509827216
    ],
    [
        0.9186252213207661,
        0.9711280763076715,
        1.0,
        0.9572084255863461,
        0.9578216706788188,
        0.9554789004914895,
        0.9381263006095092,
        0.9381263006095092,
        0.9259894425281507,
        0.9548144560251912,
        0.9704050606531798,
        0.964920436603683,
        0.9685727843474929,
        0.953292109789954,
        0.9702726306033874,
        0.9702915553872205,
        0.9561045733972146,
        0.9613879623291626,
        0.9727396902569838,
        0.9604985993752226,
        0.9514916564926534,
        0.9735554565027955,
        0.9460994076761852,
        0.937371957357005,
        0.9526733235817124,
        0.9467275376133534,
        0.9500463282118488,
        0.9559247855956958,
        0.9578216970689581,
        0.9462557605023665,
        0.9631606606037235,
        0.9328950908864575,
        0.9484302357872191,
        0.961691229720474,
        0.9686067163730646,
        0.9568467168440608,
        0.9570736678780278,
        0.94027474975694,
        0.9560943226844404,
        0.9420969750045683,
        0.932243289327285,
        0.9330204673983031,
        0.9598760052177193
    ],
    [
        0.9558822391364674,
        0.9564217447051673,
        0.9572084255863461,
        1.0000000000000002,
        0.9326434371822523,
        0.9412638968884517,
        0.9615048097330083,
        0.9615048097330083,
        0.9546590528648655,
        0.9538067841487973,
        0.9503471409853148,
        0.9585013967316631,
        0.9410334298064695,
        0.9308953141166704,
        0.9541022127386258,
        0.9540540314646472,
        0.9647482045827896,
        0.9561675687285378,
        0.9628469340982274,
        0.9611697267245805,
        0.9668360231427828,
        0.9607588406820361,
        0.9576180651243379,
        0.9558268601556872,
        0.9638612403075789,
        0.9538598802572412,
        0.9627073343284791,
        0.9660310943084071,
        0.961274232549,
        0.9585302736337131,
        0.9469439497797297,
        0.9561731854262572,
        0.9146614982133116,
        0.9260192773969002,
        0.9443557431456553,
        0.9597832242447032,
        0.9596119733856834,
        0.9514837606380384,
        0.9412671257108773,
        0.9462797358871321,
        0.939213331490683,
        0.9362802741643992,
        0.9384634002094162
    ],
    [
        0.9074095226803962,
        0.9463186536557124,
        0.9578216706788188,
        0.9326434371822523,
        1.0000000000000002,
        0.9760322114226911,
        0.9206790851424963,
        0.9206790851424963,
        0.9004137363247727,
        0.937089150448344,
        0.9444675911597178,
        0.9434411597834148,
        0.9546812320086859,
        0.9357381390588853,
        0.9596586145029271,
        0.9592668162176259,
        0.9426877553503941,
        0.944324347112864,
        0.9581604234931009,
        0.9363919047524716,
        0.9300250809576341,
        0.9515993917986572,
        0.9465212139047247,
        0.9278890203819229,
        0.9303106807947722,
        0.9325969487115995,
        0.9351969746529016,
        0.9378635920203022,
        0.9412455622932091,
        0.9217359084601217,
        0.9491222997594965,
        0.9108285946203045,
        0.9616526717315039,
        0.9462680476750387,
        0.9534429251760715,
        0.9407077940549595,
        0.9405857972832631,
        0.9384560197832306,
        0.9505155295009361,
        0.9511935865695118,
        0.926481838736676,
        0.9248343819623106,
        0.9458076418979631
    ],
    [
        0.9284744008707904,
        0.9396282018869138,
        0.9554789004914895,
        0.9412638968884517,
        0.9760322114226911,
        0.9999999999999996,
        0.93603211151679,
        0.93603211151679,
        0.9178416396197854,
        0.9419631615926138,
        0.9427990951828945,
        0.9434338051761354,
        0.9464158797043327,
        0.9322367916621642,
        0.9514195625881425,
        0.9510306375892668,
        0.9430672399904932,
        0.9514704896045048,
        0.9561339280272142,
        0.9453946426982435,
        0.9399235294806999,
        0.9503161472053422,
        0.9629893488067709,
        0.9471920548994937,
        0.9441999668689054,
        0.9429744505413591,
        0.9465751283238502,
        0.9441826392828027,
        0.9489650537660772,
        0.9331163552528581,
        0.9438906939612652,
        0.9189712119096737,
        0.94698315675567,
        0.9428397192399479,
        0.9469462779653783,
        0.9536904418905416,
        0.9539078419535572,
        0.9406698466326756,
        0.9548357925418447,
        0.9645351995590664,
        0.935251959259966,
        0.9441006382494317,
        0.9375576205259879
    ],
    [
        0.9560614840767541,
        0.9358709802162793,
        0.9381263006095092,
        0.9615048097330083,
        0.9206790851424963,
        0.93603211151679,
        1.0000000000000004,
        1.0000000000000004,
        0.9456487258394436,
        0.9553814469172772,
        0.9309362990030583,
        0.9396514743478652,
        0.9211259072528486,
        0.9277087973620693,
        0.9417662268916999,
        0.942034240720576,
        0.9511684457254945,
        0.9444909374013403,
        0.9449135226903754,
        0.9386260145581313,
        0.9570682900160833,
        0.9560668150849083,
        0.9548106629004146,
        0.9376013231918567,
        0.9664845964211575,
        0.9518503039863371,
        0.9603860218925581,
        0.9497600464557582,
        0.9472674631883095,
        0.9437447921003577,
        0.9199832839949046,
        0.9283526509725395,
        0.9019929644446604,
        0.9013662377594737,
        0.9196160754762346,
        0.9387222275291365,
        0.9387219987217087,
        0.9619421479105421,
        0.9284810447497552,
        0.9373524736340199,
        0.9328731450720897,
        0.9384199116003826,
        0.9310207748920838
    ],
    [
        0.9560614840767541,
        0.9358709802162793,
        0.9381263006095092,
        0.9615048097330083,
        0.9206790851424963,
        0.93603211151679,
        1.0000000000000004,
        1.0000000000000004,
        0.9456487258394436,
        0.9553814469172772,
        0.9309362990030583,
        0.9396514743478652,
        0.9211259072528486,
        0.9277087973620693,
        0.9417662268916999,
        0.942034240720576,
        0.9511684457254945,
        0.9444909374013403,
        0.9449135226903754,
        0.9386260145581313,
        0.9570682900160833,
        0.9560668150849083,
        0.9548106629004146,
        0.9376013231918567,
        0.9664845964211575,
        0.9518503039863371,
        0.9603860218925581,
        0.9497600464557582,
        0.9472674631883095,
        0.9437447921003577,
        0.9199832839949046,
        0.9283526509725395,
        0.9019929644446604,
        0.9013662377594737,
        0.9196160754762346,
        0.9387222275291365,
        0.9387219987217087,
        0.9619421479105421,
        0.9284810447497552,
        0.9373524736340199,
        0.9328731450720897,
        0.9384199116003826,
        0.9310207748920838
    ],
    [
        0.9440757959870166,
        0.9031456317342081,
        0.9259894425281507,
        0.9546590528648655,
        0.9004137363247727,
        0.9178416396197854,
        0.9456487258394436,
        0.9456487258394436,
        0.9999999999999987,
        0.9518372794848177,
        0.9214779184475372,
        0.9345980043715343,
        0.8966770278711462,
        0.9023640272027268,
        0.9150786135308187,
        0.9144955991366504,
        0.9423894360949736,
        0.9315756155417525,
        0.9301909352156129,
        0.9279614563550026,
        0.9501294797736213,
        0.9320376187215671,
        0.9381604967168421,
        0.9214884780830581,
        0.9471421775429009,
        0.921963255817759,
        0.940683866828167,
        0.9500135058238324,
        0.9406226625916374,
        0.9355426195316596,
        0.9029173604529961,
        0.957112196566495,
        0.8764187854425796,
        0.8846977699807934,
        0.8913924534291195,
        0.9380488264028992,
        0.9377803065870453,
        0.9399256849330355,
        0.9050076191939262,
        0.9324713120153056,
        0.9350181838276505,
        0.9331828691323659,
        0.9234521281854158
    ],
    [
        0.9399701153034296,
        0.942137049376565,
        0.9548144560251912,
        0.9538067841487973,
        0.937089150448344,
        0.9419631615926138,
        0.9553814469172772,
        0.9553814469172772,
        0.9518372794848177,
        1.0000000000000004,
        0.9573348553086367,
        0.9621682365640937,
        0.9389008557601992,
        0.9483642283207958,
        0.9584039722658776,
        0.9582978921816392,
        0.9735399109659408,
        0.9646276325646771,
        0.9611311344988431,
        0.9527558776155387,
        0.9627105898860989,
        0.9661081800918192,
        0.9468961784097817,
        0.9354054255227745,
        0.9522425059968679,
        0.9395278079519542,
        0.9493159362490373,
        0.9573784422679839,
        0.958251360201895,
        0.9513809136357136,
        0.9414300245121865,
        0.9421115037051804,
        0.9242124361242544,
        0.9320612897063864,
        0.9363251598675156,
        0.9532351973136958,
        0.9531213622542616,
        0.9581866718801377,
        0.9447142858328824,
        0.9443417431103831,
        0.9468821294183289,
        0.9418130388030647,
        0.9497217895473454
    ],
    [
        0.9180467939775816,
        0.9654908036272816,
        0.9704050606531798,
        0.9503471409853148,
        0.9444675911597178,
        0.9427990951828945,
        0.9309362990030583,
        0.9309362990030583,
        0.9214779184475372,
        0.9573348553086367,
        1.0000000000000009,
        0.9870317420294434,
        0.9672591894071031,
        0.9580427370078809,
        0.9692023095301443,
        0.9690781351000428,
        0.9648807066643235,
        0.9651340651891512,
        0.9628355625779506,
        0.9509591265923697,
        0.9401067840463364,
        0.9626335516244717,
        0.9284587345299139,
        0.9363183631542152,
        0.9373957456102379,
        0.9384674357134315,
        0.9340414715204922,
        0.9453132503944763,
        0.9531764028658273,
        0.9460353183456016,
        0.9560155828836363,
        0.9238193902470988,
        0.9455275131239096,
        0.9617777506038021,
        0.9622721025735272,
        0.9517607368664092,
        0.951868734831158,
        0.9283516046090815,
        0.9626795360234678,
        0.9297629883272216,
        0.9256343016816437,
        0.9210990698778914,
        0.9565905669536032
    ],
    [
        0.9259186988166456,
        0.9602160516091185,
        0.964920436603683,
        0.9585013967316631,
        0.9434411597834148,
        0.9434338051761354,
        0.9396514743478652,
        0.9396514743478652,
        0.9345980043715343,
        0.9621682365640937,
        0.9870317420294434,
        0.9999999999999999,
        0.9589411918023534,
        0.9466956805834973,
        0.9646846664801778,
        0.9641662093818217,
        0.9679028057355525,
        0.9701522157694622,
        0.9657855975850581,
        0.9540497269247077,
        0.9484694870749866,
        0.9630769991556244,
        0.9389627690156093,
        0.9411908407997163,
        0.9463018696454244,
        0.949101772130566,
        0.9410982848818585,
        0.9519035018753393,
        0.9617995824345104,
        0.9557495440841248,
        0.9569881388646986,
        0.9436041189596369,
        0.9379259009017366,
        0.9542949062187077,
        0.9584279713900328,
        0.9554870008487232,
        0.9553338635319667,
        0.9313956418175331,
        0.9562439431582451,
        0.9407302949052918,
        0.9377987951074864,
        0.932494043117457,
        0.9559430750991916
    ],
    [
        0.9045956440542944,
        0.9673889765044767,
        0.9685727843474929,
        0.9410334298064695,
        0.9546812320086859,
        0.9464158797043327,
        0.9211259072528486,
        0.9211259072528486,
        0.8966770278711462,
        0.9389008557601992,
        0.9672591894071031,
        0.9589411918023534,
        1.0000000000000009,
        0.9522024372050781,
        0.9807010551228498,
        0.9807679047342668,
        0.9531055316055896,
        0.9565265256137728,
        0.9638309341652976,
        0.9501365729305911,
        0.933111526431279,
        0.9633174179573285,
        0.9335408543730452,
        0.9300507349629525,
        0.9321461870625821,
        0.9365308708601574,
        0.9436914492298162,
        0.9331420476794026,
        0.9476071261270731,
        0.9358514760749748,
        0.9632130124018077,
        0.9063675601907806,
        0.9609921433454837,
        0.9638558126313617,
        0.964597441462219,
        0.9383796682170907,
        0.9382358130739087,
        0.927431957764804,
        0.963875240258049,
        0.9180667927136525,
        0.9172670456998651,
        0.9104450449779941,
        0.9501942501809387
    ],
    [
        0.8992994138855898,
        0.9465128656794122,
        0.953292109789954,
        0.9308953141166704,
        0.9357381390588853,
        0.9322367916621642,
        0.9277087973620693,
        0.9277087973620693,
        0.9023640272027268,
        0.9483642283207958,
        0.9580427370078809,
        0.9466956805834973,
        0.9522024372050781,
        1.0,
        0.9647051884118718,
        0.9649874935266687,
        0.9374314911027088,
        0.9394382614012081,
        0.9498276812762697,
        0.9210659377254427,
        0.9434141906824725,
        0.9695470313641732,
        0.9080396886698363,
        0.9105580830624505,
        0.922436415645108,
        0.9059626780415403,
        0.9171494929276891,
        0.934239006814746,
        0.9506628060261522,
        0.9463706708842973,
        0.9573806533347504,
        0.907394108124537,
        0.9390206540032017,
        0.9470906485569157,
        0.9576370417871714,
        0.918839948031522,
        0.9189786498713158,
        0.9427377458093871,
        0.9447642096334558,
        0.9082230486775441,
        0.8975435401396163,
        0.9004344624993298,
        0.9487223321106726
    ],
    [
        0.9228407239071884,
        0.9678001557479997,
        0.9702726306033874,
        0.9541022127386258,
        0.9596586145029271,
        0.9514195625881425,
        0.9417662268916999,
        0.9417662268916999,
        0.9150786135308187,
        0.9584039722658776,
        0.9692023095301443,
        0.9646846664801778,
        0.9807010551228498,
        0.9647051884118718,
        1.000000000000001,
        0.9997907011113027,
        0.9675790927005956,
        0.9637775728513638,
        0.973017250642633,
        0.9575842392840075,
        0.9560558499573077,
        0.9739659142162199,
        0.9424579501153727,
        0.9335658510510285,
        0.9429756487393025,
        0.9443094690527162,
        0.9501603996480098,
        0.9514336962325367,
        0.9556091111703606,
        0.9457168503929115,
        0.9650645217582752,
        0.9196413538605352,
        0.9604037189001612,
        0.9632004060432483,
        0.9691203914263071,
        0.9457970420255246,
        0.9456759356993263,
        0.9435943253277708,
        0.9681931500154564,
        0.9307243014896096,
        0.9278059743849115,
        0.9228821730263085,
        0.9562021659424774
    ],
    [
        0.9225153980414129,
        0.9681254855390934,
        0.9702915553872205,
        0.9540540314646472,
        0.9592668162176259,
        0.9510306375892668,
        0.942034240720576,
        0.942034240720576,
        0.9144955991366504,
        0.9582978921816392,
        0.9690781351000428,
        0.9641662093818217,
        0.9807679047342668,
        0.9649874935266687,
        0.9997907011113027,
        0.9999999999999996,
        0.9671364821817671,
        0.9633925877164555,
        0.9726014825400916,
        0.9577365894751863,
        0.9557898783733728,
        0.9743339187738929,
        0.9421479926193348,
        0.9333972620600025,
        0.9429354396551662,
        0.9443230215904335,
        0.9503049922043817,
        0.9509082516991536,
        0.9549833920927081,
        0.9449234298696525,
        0.9647540595644818,
        0.9186102162807227,
        0.9601562510012136,
        0.9632999189922609,
        0.9689090342454876,
        0.9451452684368324,
        0.9450615711500575,
        0.9441963606039788,
        0.9684713913288752,
        0.9305341330831918,
        0.9269677317741736,
        0.9220093896281107,
        0.9558887641967433
    ],
    [
        0.9433176931054671,
        0.9503131499031674,
        0.9561045733972146,
        0.9647482045827896,
        0.9426877553503941,
        0.9430672399904932,
        0.9511684457254945,
        0.9511684457254945,
        0.9423894360949736,
        0.9735399109659408,
        0.9648807066643235,
        0.9679028057355525,
        0.9531055316055896,
        0.9374314911027088,
        0.9675790927005956,
        0.9671364821817671,
        0.9999999999999997,
        0.967980342325374,
        0.9683032622341544,
        0.9665004450559322,
        0.9625510502035279,
        0.964604801919956,
        0.9485163585133666,
        0.9443345701694825,
        0.9465197398405552,
        0.9468759942308277,
        0.9569178622997144,
        0.9638286247944237,
        0.9588998082688059,
        0.9502895812926218,
        0.9410281517167002,
        0.9381258267238662,
        0.9297559397414304,
        0.9406181838036097,
        0.9472694253566704,
        0.9624187047753878,
        0.9618405981203055,
        0.9500966059110305,
        0.951366337072115,
        0.9467070399823259,
        0.9418477491203462,
        0.9374490031950435,
        0.9465708728274763
    ],
    [
        0.9282151574939586,
        0.9522704237413171,
        0.9613879623291626,
        0.9561675687285378,
        0.944324347112864,
        0.9514704896045048,
        0.9444909374013403,
        0.9444909374013403,
        0.9315756155417525,
        0.9646276325646771,
        0.9651340651891512,
        0.9701522157694622,
        0.9565265256137728,
        0.9394382614012081,
        0.9637775728513638,
        0.9633925877164555,
        0.967980342325374,
        0.9999999999999997,
        0.9672871796507432,
        0.9596497308161883,
        0.9491432427235078,
        0.9620361306030027,
        0.9534935962963931,
        0.9464320071608945,
        0.9499669039558419,
        0.9553229068848266,
        0.9512412540018454,
        0.9559909803530069,
        0.9580545694948455,
        0.9527182870244904,
        0.9484395915327,
        0.9382674203416261,
        0.9386687720942676,
        0.958701864800951,
        0.9587796552659598,
        0.9648405886034406,
        0.9646124379845875,
        0.9362718750250356,
        0.9583085251085718,
        0.9502066129885317,
        0.9500221869759027,
        0.9458789834887205,
        0.9508346607229421
    ],
    [
        0.9324551435910658,
        0.9653497441886737,
        0.9727396902569838,
        0.9628469340982274,
        0.9581604234931009,
        0.9561339280272142,
        0.9449135226903754,
        0.9449135226903754,
        0.9301909352156129,
        0.9611311344988431,
        0.9628355625779506,
        0.9657855975850581,
        0.9638309341652976,
        0.9498276812762697,
        0.973017250642633,
        0.9726014825400916,
        0.9683032622341544,
        0.9672871796507432,
        0.9999999999999998,
        0.9772405208885391,
        0.9584394877409823,
        0.97407707113357,
        0.9480561082255949,
        0.9499547645362173,
        0.9535235704163931,
        0.950456327300204,
        0.9531645457226549,
        0.9669340406741648,
        0.9608512699711068,
        0.9497015051819127,
        0.9661361780530613,
        0.9398378172712702,
        0.9464673688491514,
        0.9661977002097293,
        0.9744184364467614,
        0.957650100692668,
        0.957571891297443,
        0.9518834054612132,
        0.959269666304084,
        0.9469266314687221,
        0.9375562963423122,
        0.9377752959980777,
        0.9526329512329933
    ],
    [
        0.9417547324557292,
        0.9519074331780569,
        0.9604985993752226,
        0.9611697267245805,
        0.9363919047524716,
        0.9453946426982435,
        0.9386260145581313,
        0.9386260145581313,
        0.9279614563550026,
        0.9527558776155387,
        0.9509591265923697,
        0.9540497269247077,
        0.9501365729305911,
        0.9210659377254427,
        0.9575842392840075,
        0.9577365894751863,
        0.9665004450559322,
        0.9596497308161883,
        0.9772405208885391,
        1.0000000000000004,
        0.9494753327570695,
        0.9552093395571051,
        0.9480546957989732,
        0.9491649372726852,
        0.9481930402161509,
        0.9566652123896171,
        0.9615518158025416,
        0.9551108457091567,
        0.9469506149311018,
        0.9315739606879598,
        0.938276813770397,
        0.9343992932899721,
        0.9244052860424116,
        0.9511010894769788,
        0.9531528407563744,
        0.9639455786898254,
        0.9638437453619952,
        0.9402071152835418,
        0.9488434136699462,
        0.9442745226594229,
        0.9406890002641017,
        0.9354956714146638,
        0.9257164089158967
    ],
    [
        0.9407824593139431,
        0.9401748353297886,
        0.9514916564926534,
        0.9668360231427828,
        0.9300250809576341,
        0.9399235294806999,
        0.9570682900160833,
        0.9570682900160833,
        0.9501294797736213,
        0.9627105898860989,
        0.9401067840463364,
        0.9484694870749866,
        0.933111526431279,
        0.9434141906824725,
        0.9560558499573077,
        0.9557898783733728,
        0.9625510502035279,
        0.9491432427235078,
        0.9584394877409823,
        0.9494753327570695,
        1.0,
        0.9689983546379859,
        0.9455704154367781,
        0.9380382777545878,
        0.9498129989869979,
        0.9377848743756556,
        0.9489470311547946,
        0.9705245872566817,
        0.9582593069771965,
        0.9557123454944146,
        0.9410184631276872,
        0.9503230692838216,
        0.9138459037889437,
        0.9241083263570251,
        0.9410078392340937,
        0.9464967933097406,
        0.9461435298384266,
        0.956568682866415,
        0.9330290146407021,
        0.938658189757605,
        0.928630605559914,
        0.9298384761741532,
        0.9359823003501786
    ],
    [
        0.9258027707724921,
        0.9644561109097334,
        0.9735554565027955,
        0.9607588406820361,
        0.9515993917986572,
        0.9503161472053422,
        0.9560668150849083,
        0.9560668150849083,
        0.9320376187215671,
        0.9661081800918192,
        0.9626335516244717,
        0.9630769991556244,
        0.9633174179573285,
        0.9695470313641732,
        0.9739659142162199,
        0.9743339187738929,
        0.964604801919956,
        0.9620361306030027,
        0.97407707113357,
        0.9552093395571051,
        0.9689983546379859,
        0.9999999999999991,
        0.9446121588227603,
        0.9354738011563338,
        0.9534930180210115,
        0.9420887553862394,
        0.9531830322582175,
        0.9637575529359275,
        0.96675245142172,
        0.9626765504592951,
        0.9649056523660031,
        0.9377819520009667,
        0.9482443858752861,
        0.9559393727371077,
        0.9689386624198244,
        0.9510234481115889,
        0.950928474779699,
        0.9600894897262862,
        0.954909262965438,
        0.9379083470543914,
        0.9253422382431908,
        0.9262715000431919,
        0.9592945834253004
    ],
    [
        0.9450846803349935,
        0.9310938379441849,
        0.9460994076761852,
        0.9576180651243379,
        0.9465212139047247,
        0.9629893488067709,
        0.9548106629004146,
        0.9548106629004146,
        0.9381604967168421,
        0.9468961784097817,
        0.9284587345299139,
        0.9389627690156093,
        0.9335408543730452,
        0.9080396886698363,
        0.9424579501153727,
        0.9421479926193348,
        0.9485163585133666,
        0.9534935962963931,
        0.9480561082255949,
        0.9480546957989732,
        0.9455704154367781,
        0.9446121588227603,
        1.0000000000000004,
        0.9515714788681873,
        0.9599909326994344,
        0.9572421886541894,
        0.9678151332307415,
        0.943501890035583,
        0.9464803853663417,
        0.933655511858391,
        0.9200337443498218,
        0.9333101880270237,
        0.9236251023211617,
        0.9150314408558854,
        0.9232437168925314,
        0.955880743360802,
        0.9559058283736703,
        0.9445792045026785,
        0.9368258019911012,
        0.9615996330924562,
        0.9572641579519867,
        0.9548259705603751,
        0.9261854246242586
    ],
    [
        0.941205004608992,
        0.9406682625015461,
        0.937371957357005,
        0.9558268601556872,
        0.9278890203819229,
        0.9471920548994937,
        0.9376013231918567,
        0.9376013231918567,
        0.9214884780830581,
        0.9354054255227745,
        0.9363183631542152,
        0.9411908407997163,
        0.9300507349629525,
        0.9105580830624505,
        0.9335658510510285,
        0.9333972620600025,
        0.9443345701694825,
        0.9464320071608945,
        0.9499547645362173,
        0.9491649372726852,
        0.9380382777545878,
        0.9354738011563338,
        0.9515714788681873,
        0.9999999999999991,
        0.9566470876713153,
        0.9547420386394888,
        0.9439311678296968,
        0.9508122771968592,
        0.9375965778873296,
        0.9300387098630634,
        0.9283991154340984,
        0.9279735806168603,
        0.9125777353441777,
        0.9251607973560396,
        0.9319019304997729,
        0.9406352020847517,
        0.940730515349186,
        0.9351869357767952,
        0.9549945196714544,
        0.9440123130515673,
        0.9336112736781302,
        0.944654928284825,
        0.9184179833341065
    ],
    [
        0.9521347364342282,
        0.940778606297122,
        0.9526733235817124,
        0.9638612403075789,
        0.9303106807947722,
        0.9441999668689054,
        0.9664845964211575,
        0.9664845964211575,
        0.9471421775429009,
        0.9522425059968679,
        0.9373957456102379,
        0.9463018696454244,
        0.9321461870625821,
        0.922436415645108,
        0.9429756487393025,
        0.9429354396551662,
        0.9465197398405552,
        0.9499669039558419,
        0.9535235704163931,
        0.9481930402161509,
        0.9498129989869979,
        0.9534930180210115,
        0.9599909326994344,
        0.9566470876713153,
        0.9999999999999993,
        0.9681596885628811,
        0.9628272364351189,
        0.9561434269296605,
        0.9493469779547477,
        0.9410460482119061,
        0.9310844025047786,
        0.9413963147660882,
        0.9135157494265205,
        0.9200641338116436,
        0.9313142131869055,
        0.9491455799063616,
        0.9490522656587885,
        0.9515104186597534,
        0.9391984944665108,
        0.9478471842034839,
        0.9455423258165835,
        0.954957934502319,
        0.9331052434464951
    ],
    [
        0.9488353054935907,
        0.9437539147654079,
        0.9467275376133534,
        0.9538598802572412,
        0.9325969487115995,
        0.9429744505413591,
        0.9518503039863371,
        0.9518503039863371,
        0.921963255817759,
        0.9395278079519542,
        0.9384674357134315,
        0.949101772130566,
        0.9365308708601574,
        0.9059626780415403,
        0.9443094690527162,
        0.9443230215904335,
        0.9468759942308277,
        0.9553229068848266,
        0.950456327300204,
        0.9566652123896171,
        0.9377848743756556,
        0.9420887553862394,
        0.9572421886541894,
        0.9547420386394888,
        0.9681596885628811,
        0.9999999999999994,
        0.9620604360539277,
        0.9456834194808736,
        0.9413692893378716,
        0.9298791066452667,
        0.9276329556241989,
        0.9279627520498037,
        0.9181149702603099,
        0.925100850360844,
        0.9314895134255657,
        0.9538027011017616,
        0.9536182395799615,
        0.9344586346861049,
        0.951890854125858,
        0.952135579802033,
        0.9398156947723032,
        0.9479323600310601,
        0.9256133955990207
    ],
    [
        0.9515328683533386,
        0.9423530181142026,
        0.9500463282118488,
        0.9627073343284791,
        0.9351969746529016,
        0.9465751283238502,
        0.9603860218925581,
        0.9603860218925581,
        0.940683866828167,
        0.9493159362490373,
        0.9340414715204922,
        0.9410982848818585,
        0.9436914492298162,
        0.9171494929276891,
        0.9501603996480098,
        0.9503049922043817,
        0.9569178622997144,
        0.9512412540018454,
        0.9531645457226549,
        0.9615518158025416,
        0.9489470311547946,
        0.9531830322582175,
        0.9678151332307415,
        0.9439311678296968,
        0.9628272364351189,
        0.9620604360539277,
        1.0000000000000004,
        0.9469309869721576,
        0.9487207183078685,
        0.9350387455315724,
        0.9228803313255376,
        0.9317253931537252,
        0.9210087030060295,
        0.9188085340288099,
        0.9273022050503434,
        0.9540046460481599,
        0.9540517159124656,
        0.9551809916814518,
        0.9370442032394842,
        0.943863144808937,
        0.9463882006016057,
        0.947039360524078,
        0.9265418030896909
    ],
    [
        0.9376931661924344,
        0.9475257734784119,
        0.9559247855956958,
        0.9660310943084071,
        0.9378635920203022,
        0.9441826392828027,
        0.9497600464557582,
        0.9497600464557582,
        0.9500135058238324,
        0.9573784422679839,
        0.9453132503944763,
        0.9519035018753393,
        0.9331420476794026,
        0.934239006814746,
        0.9514336962325367,
        0.9509082516991536,
        0.9638286247944237,
        0.9559909803530069,
        0.9669340406741648,
        0.9551108457091567,
        0.9705245872566817,
        0.9637575529359275,
        0.943501890035583,
        0.9508122771968592,
        0.9561434269296605,
        0.9456834194808736,
        0.9469309869721576,
        0.9999999999999994,
        0.956918027794992,
        0.9550576033821616,
        0.9477084630540576,
        0.9545366969997429,
        0.9188794385760675,
        0.9340390527607427,
        0.9468163929953181,
        0.9556306363343339,
        0.9553396388103772,
        0.9528302300316469,
        0.940838532962483,
        0.9521899153009616,
        0.9344175312632315,
        0.9403418489720947,
        0.9488873370228424
    ],
    [
        0.9353720829983443,
        0.9438180830292735,
        0.9578216970689581,
        0.961274232549,
        0.9412455622932091,
        0.9489650537660772,
        0.9472674631883095,
        0.9472674631883095,
        0.9406226625916374,
        0.958251360201895,
        0.9531764028658273,
        0.9617995824345104,
        0.9476071261270731,
        0.9506628060261522,
        0.9556091111703606,
        0.9549833920927081,
        0.9588998082688059,
        0.9580545694948455,
        0.9608512699711068,
        0.9469506149311018,
        0.9582593069771965,
        0.96675245142172,
        0.9464803853663417,
        0.9375965778873296,
        0.9493469779547477,
        0.9413692893378716,
        0.9487207183078685,
        0.956918027794992,
        1.0000000000000007,
        0.9892432427284926,
        0.9727108691089275,
        0.9623957307600104,
        0.9252997101963956,
        0.9389185269498495,
        0.9439756933200383,
        0.9526476274284118,
        0.9523294050604161,
        0.9518719410412957,
        0.9462714364578163,
        0.9475874820820755,
        0.9335096477869541,
        0.935461407849626,
        0.9517278331071862
    ],
    [
        0.9255960801487423,
        0.9355910959715387,
        0.9462557605023665,
        0.9585302736337131,
        0.9217359084601217,
        0.9331163552528581,
        0.9437447921003577,
        0.9437447921003577,
        0.9355426195316596,
        0.9513809136357136,
        0.9460353183456016,
        0.9557495440841248,
        0.9358514760749748,
        0.9463706708842973,
        0.9457168503929115,
        0.9449234298696525,
        0.9502895812926218,
        0.9527182870244904,
        0.9497015051819127,
        0.9315739606879598,
        0.9557123454944146,
        0.9626765504592951,
        0.933655511858391,
        0.9300387098630634,
        0.9410460482119061,
        0.9298791066452667,
        0.9350387455315724,
        0.9550576033821616,
        0.9892432427284926,
        1.0000000000000013,
        0.9689465117891792,
        0.9577770832136138,
        0.9151188216685311,
        0.9297618206934153,
        0.9402688491866729,
        0.9405673279574852,
        0.9399307008287658,
        0.9389543738581887,
        0.9335140993331963,
        0.932641174309497,
        0.9225829716732503,
        0.9223961945576818,
        0.9480430365237028
    ],
    [
        0.9002600697474342,
        0.9590832967419562,
        0.9631606606037235,
        0.9469439497797297,
        0.9491222997594965,
        0.9438906939612652,
        0.9199832839949046,
        0.9199832839949046,
        0.9029173604529961,
        0.9414300245121865,
        0.9560155828836363,
        0.9569881388646986,
        0.9632130124018077,
        0.9573806533347504,
        0.9650645217582752,
        0.9647540595644818,
        0.9410281517167002,
        0.9484395915327,
        0.9661361780530613,
        0.938276813770397,
        0.9410184631276872,
        0.9649056523660031,
        0.9200337443498218,
        0.9283991154340984,
        0.9310844025047786,
        0.9276329556241989,
        0.9228803313255376,
        0.9477084630540576,
        0.9727108691089275,
        0.9689465117891792,
        0.9999999999999999,
        0.9306850186846967,
        0.9394483450167782,
        0.9589855766628088,
        0.9655938875357107,
        0.9325192214230326,
        0.9324283947748839,
        0.9263528206440019,
        0.9529111257670903,
        0.9251357981120141,
        0.9056469092477644,
        0.9043762645192301,
        0.9537893984411983
    ],
    [
        0.9322497166128316,
        0.9141235505301443,
        0.9328950908864575,
        0.9561731854262572,
        0.9108285946203045,
        0.9189712119096737,
        0.9283526509725395,
        0.9283526509725395,
        0.957112196566495,
        0.9421115037051804,
        0.9238193902470988,
        0.9436041189596369,
        0.9063675601907806,
        0.907394108124537,
        0.9196413538605352,
        0.9186102162807227,
        0.9381258267238662,
        0.9382674203416261,
        0.9398378172712702,
        0.9343992932899721,
        0.9503230692838216,
        0.9377819520009667,
        0.9333101880270237,
        0.9279735806168603,
        0.9413963147660882,
        0.9279627520498037,
        0.9317253931537252,
        0.9545366969997429,
        0.9623957307600104,
        0.9577770832136138,
        0.9306850186846967,
        1.0,
        0.8830301579137813,
        0.9049960669115189,
        0.9106727307997144,
        0.9416637379394981,
        0.9416048391398655,
        0.9301357574873962,
        0.9118948361394426,
        0.9404174908602293,
        0.9282857572196017,
        0.9282149819847592,
        0.9306536422584034
    ],
    [
        0.8819764963104681,
        0.9419128293452403,
        0.9484302357872191,
        0.9146614982133116,
        0.9616526717315039,
        0.94698315675567,
        0.9019929644446604,
        0.9019929644446604,
        0.8764187854425796,
        0.9242124361242544,
        0.9455275131239096,
        0.9379259009017366,
        0.9609921433454837,
        0.9390206540032017,
        0.9604037189001612,
        0.9601562510012136,
        0.9297559397414304,
        0.9386687720942676,
        0.9464673688491514,
        0.9244052860424116,
        0.9138459037889437,
        0.9482443858752861,
        0.9236251023211617,
        0.9125777353441777,
        0.9135157494265205,
        0.9181149702603099,
        0.9210087030060295,
        0.9188794385760675,
        0.9252997101963956,
        0.9151188216685311,
        0.9394483450167782,
        0.8830301579137813,
        1.0000000000000002,
        0.9523650532921741,
        0.9586149888322868,
        0.9146097890573631,
        0.9142543096936449,
        0.9092281242787805,
        0.9461214710957939,
        0.9185917350556507,
        0.9059942940213053,
        0.8987983866902721,
        0.9393360181532295
    ],
    [
        0.8903059598293385,
